scale_factor <- 2.104597701
Ni <- 5
Nj <- 245
x <- 
c(0, 0, 0, 0, 0, 0, 0, 0, 0, 0, 0, 0, 0, 0, 0, 0, 0, 0, 0, 0, 0, 0, 0, 0, 0, 0, 0, 0, 0, 0, 0, 0, 0, 0, 0, 0, 0, 0, 0.1, 0.1, 0, 0, 0, 0, 0, 0, 0, 0, 0, 0, 0, 0, 0,
0, 0, 0, 0, 0, 0, 0, 0, 0, 0.1, 0.1, 0, 0, 0, 0, 0, 0, 0, 0, 0, 0, 0, 0, 0, 0, 0, 0, 0, 0, 0, 0, 0, 0, 0.1, 0.1, 0, 0, 0, 0, 0, 0, 0, 0, 0, 0, 0, 0, 0, 0, 0, 0, 0, 0, 0, 0,
0, 0, 0.1, 0.1, 0, 0, 0, 0, 0, 0, 0, 0, 0, 0, 0, 0, 0, 0, 0, 0, 0, 0, 0, 0, 0, 0, 0.1, 0.1, 0, 0, 0, 0, 0, 0, 0, 0, 0, 0, 0, 0, 0, 0, 0, 0, 0, 0, 0, 0, 0, 0, 0.1, 0.1, 0,
0, 0, 0, 0, 0, 0, 0, 0, 0, 0, 0, 0, 0, 0, 0, 0, 0, 0, 0, 0, 0, 0.1, 0.1, 0, 0, 0, 0, 0, 0, 0.1, 100, 10, 1, 0.1, 0.1, 0, 0, 0, 0, 0, 0, 0, 0, 0, 0, 0, 0, 0, 0, 0, 0, 0.1,
0.1, 0, 0, 0, 0, 0, 0, 0, 0, 0, 0, 0, 0, 0, 0, 0, 0, 0, 0, 0, 0, 0, 0, 0.1, 0.1, 0, 0, 0, 0, 0, 0, 0.1)
ys <- 
c(1.03995136170682, 1.01551707529875, 1.05538167458067, 1.10402544433835, 1.12135445119922, 1.13413825400734, 1.04755334568333, 1.09454240490021, 1.09572513782766,
1.01654728406453, 0.989896231479348, 0.981977061943013, 1.00259678702367, 1.00556958842748, 1.0115618851947, 1.04368681955526, 1.05396951490826, 1.00162833495369,
1.05463230286024, 0.999989291064991, 1.01556020800766, 0.964554888107806, 0.979436950834149, 0.983856186869416, 0.995175677995288, 1.02143868777323, 1.12956159073558,
0.969336848572372, 1.04472125383168, 1.09673031568136, 0.997228796269601, 1.07715375148554, 1.01775997758728, 1.02949208106162, 1.04709023627314, 1.0326597486861,
1.06343138022842, 1.15393617879848, 1.45828615584903, 1.27518940210037, 1.02825471061369, 1.03845717875751, 1.01045561486147, 1.06343138022842, 1.05252966585845,
1.05265191725114, 0.954163391913731, 0.978583132073848, 1.01346518956404, 1.00969415627049, 1.05476602722945, 0.928702646625195, 0.934646209613055, 1.01264278345802,
0.954512706654335, 0.905755051948524, 0.928200373435645, 0.999274195729058, 0.94370107410851, 0.890906608473958, 0.889916712400704, 0.916229535499241, 1.29826390606705,
1.40051985355656, 0.889864612657391, 0.905047983324771, 0.979997269321354, 0.990817065422614, 1.01015457300454, 1.00739207212505, 0.982529561833823, 0.953820013224466,
0.892287859151282, 0.971479557365534, 0.93534195065625, 0.915204061605121, 0.895746101073974, 0.945696214081344, 0.982529561833823, 0.997438298066448, 0.969198401210265,
0.978583132073848, 0.964112887720008, 0.972636502466654, 0.923903149317372, 0.962271220308627, 1.15778263268187, 1.45263578333634, 0.898448675061059, 0.842825934456345,
1.00094623594764, 0.997262901124874, 0.894286741882172, 0.943854546669962, 0.849330966745174, 0.853196276013608, 0.888492227332334, 0.932804542201674, 0.887306985611879,
0.857610098662747, 0.860738342600708, 0.912788525373382, 0.846146083003823, 0.857588150049965, 0.828543145880781, 0.860955901994497, 0.874971693699479, 0.843696172981803,
0.876388130198761, 0.867245674141312, 0.995106211987637, 0.990938227771066, 0.900334191707834, 0.894652161838506, 0.863814711541396, 0.88823121307781, 0.862772715724828,
0.934670441797656, 0.902582307819408, 0.90476515587527, 0.795876570236736, 0.835472419343862, 0.87516979664324, 0.866828051334073, 0.875389316031568, 0.854436747291686,
0.856622397308226, 0.854280448061746, 0.891948604290526, 0.894460081898569, 0.895475360495037, 0.876185074764557, 0.869024691574535, 0.858240032829913, 1.10521914278191,
1.04080518046712, 0.908773028256767, 0.888822616365673, 0.851310759366833, 1.0132476296951, 0.887936919779045, 0.932302269012124, 1.05918896801076, 1.02812670657764,
0.944229018712589, 1.02807794333897, 0.973511742423024, 1.01042741279703, 0.898542951035942, 0.991827736487678, 1.01365374103865, 1.01025981116949, 1.03939104321962,
1.13214798622457, 0.977753504635231, 0.958492626900385, 1.04929000537761, 1.00545174405282, 1.21025574046277, 1.12673948654095, 1.09040877214186, 0.957708638112781,
1.04221931818978, 0.989613404029847, 0.94068424766373, 0.978154014433184, 0.984434734968857, 0.955761878882714, 0.967270032193198, 1.03939104321962, 1.00327689800133,
0.962179137151875, 0.919232870054342, 0.987067956509186, 1.02512288356814, 0.952676133328153, 1.01393656848816, 1.07304751493692, 0.994911705930824, 1.04587657011795,
1.00491534700199, 1.04709023627314, 1.21679766341244, 1.29046472383275, 0.968050245912532, 0.979630641058084, 0.945548880460361, 0.969415619921368, 0.957127252891549,
0.922729939350057, 1.57937246649116, 1.15110790382831, 1.12225949922769, 1.09108562406436, 1.35549790662819, 3.27797066428516, 1.10053169301642, 1.10208447101216,
1.11660294928736, 1.10868377927588, 1.23991573722621, 1.11082409568782, 1.03899508488535, 1.14723763256643, 1.09510805979922, 1.17656237808463, 1.14601700878699,
1.15733010866764, 1.14711504476741, 1.20145119791709, 1.15927847580596, 1.11724504397337, 6.29574003321597, 9.76433642887459, 1.15410254788642, 1.11748285711921,
1.21207294144051, 1.0475930406806, 1.09284543972806, 1.04646173040745, 1.14036045884667, 1.07021923996676, 1.07018781495856, 1.28418970604967, 1.30226348707771,
1.2263400172744, 1.16751189827514, 1.08189835184088, 1.02722946099046, 1.21116715407835, 1.11968262622368, 1.09354418989741, 1.13922914904866, 1.16147824491043,
1.1218823958033, 1.09988470190769, 5.53351993327109, 5.8667849984504, 1.20285769142347, 1.1900752475449, 1.15393617879848, 1.27348812494023, 1.08073376822528,
1.11547163948936, 6.12212746116651)
cell <- 
c(1, 1, 1, 1, 1, 1, 1, 1, 1, 1, 1, 1, 1, 1, 1, 1, 1, 1, 1, 1, 1, 1, 1, 1, 1, 1, 1, 1, 1, 1, 1, 1, 1, 1, 1, 1, 1, 1, 1, 1, 1, 1, 1, 1, 1, 1, 2, 2, 2, 2, 2, 2, 2, 2,
2, 2, 2, 2, 2, 2, 2, 2, 2, 2, 2, 2, 2, 2, 2, 2, 2, 2, 2, 2, 2, 2, 2, 2, 2, 2, 2, 2, 2, 2, 2, 2, 2, 2, 2, 2, 2, 2, 2, 2, 3, 3, 3, 3, 3, 3, 3, 3, 3, 3, 3, 3, 3, 3, 3, 3, 3,
3, 3, 3, 3, 3, 3, 3, 3, 3, 3, 3, 3, 3, 3, 3, 3, 3, 3, 3, 3, 3, 3, 3, 3, 3, 3, 3, 3, 3, 3, 3, 4, 4, 4, 4, 4, 4, 4, 4, 4, 4, 4, 4, 4, 4, 4, 4, 4, 4, 4, 4, 4, 4, 4, 4, 4, 4,
4, 4, 4, 4, 4, 4, 4, 4, 4, 4, 4, 4, 4, 4, 4, 4, 4, 4, 4, 4, 4, 4, 2, 3, 3, 3, 3, 4, 5, 5, 5, 5, 5, 5, 5, 5, 5, 5, 5, 5, 5, 5, 5, 5, 5, 5, 5, 5, 5, 5, 5, 5, 5, 5, 5, 5, 5,
5, 5, 5, 5, 5, 5, 5, 5, 5, 5, 5, 5, 5, 5, 5, 5, 5, 5, 5, 5)
quants <- 
c(0.01, 0.025, 0.05, 0.1, 0.25, 0.5, 0.75, 0.9, 0.95, 0.975, 0.99)
Nquants <- 11
