scale_factor <- 2.3790671515
Ni <- 2
Nj <- 49
x <- 
c(0, 0, 0, 0, 0, 0, 0, 0, 0, 0, 0, 0, 0, 0, 0, 0, 0.1, 0.1, 0, 0, 0, 0, 0, 0, 0, 0, 0, 0, 0, 0, 0, 0, 0, 0, 0, 0, 0, 0, 0, 0, 0.1, 0.1,
0, 0, 0, 0, 0, 0, 0.1)
ys <- 
c(0.97356498303953, 0.974938619339766, 0.987782122298787, 0.980776575192018, 1.09686849669405, 0.982669966472361, 0.919127762165649,
1.01488252758132, 0.968767066346509, 1.04082412068056, 1.01380272535783, 1.02381064967598, 1.01477408255494, 1.06284155426455,
1.02553423658584, 0.988350139472723, 5.56940983849316, 8.63783940988939, 1.0209554477975, 0.988560516468465, 1.07223788298352,
0.92673378454656, 0.966765481398813, 0.925732991862546, 1.00879876319876, 0.94674963276252, 0.946721833210936, 1.13603464336681,
1.15202327907052, 1.08485898742821, 1.03281778131011, 0.957081342813034, 0.908719520857963, 1.07143659496658, 0.990506501472327,
0.967383617796969, 1.00779797093508, 1.0274802215897, 0.992452486896522, 0.972992634335904, 4.89512594155121, 5.18994271019844,
1.06408578270011, 1.0527780304229, 1.0208082724646, 1.12656768780576, 0.956051115482774, 0.986781330035105, 5.41582669151489)
cell <- 
c(1, 1, 1, 1, 1, 1, 1, 1, 1, 1, 1, 1, 1, 1, 1, 1, 1, 1, 1, 1, 1, 1, 1, 1, 1, 1, 1, 1, 1, 1, 1, 1, 1, 1, 1, 1, 1, 1, 1, 1, 1, 1, 1, 1,
1, 1, 1, 1, 1)
quants <- 
c(0.01, 0.025, 0.05, 0.1, 0.25, 0.5, 0.75, 0.9, 0.95, 0.975, 0.99)
Nquants <- 11
