scale_factor <- 2.287481465
Ni <- 2
Nj <- 203
x <- 
c(0, 0, 0, 0, 0, 0, 0, 0, 0, 0, 0, 0, 0, 0, 0, 0, 0, 0, 0, 0, 0, 0, 0, 0, 0, 0, 0, 0, 0, 0, 0, 0, 0, 0, 0, 0, 0, 0,
0, 0, 0, 0, 0, 0, 0, 0, 0, 0, 0, 0, 0, 0, 0, 0, 0, 0, 0, 0, 0, 0, 0, 0, 0, 0, 0, 0, 0, 0, 0, 0, 0, 0, 0, 0, 0, 0, 0, 0,
0, 0, 0.1, 0.1, 0.1, 0.1, 0.1, 0.1, 0.1, 0.1, 0.1, 0.1, 0, 0, 0, 0, 0, 0, 0, 0, 0, 0, 0, 0, 0, 0, 0, 0, 0, 0, 0, 0, 0, 0,
0, 0, 0, 0, 0, 0, 0, 0, 0, 0, 0, 0, 0, 0, 0, 0, 0, 0, 0, 0, 0, 0, 0, 0, 0, 0, 0, 0, 0, 0, 0, 0, 0, 0, 0, 0, 0, 0, 0, 0,
0, 0, 0, 0, 0, 0, 0, 0, 0, 0, 0, 0, 0, 0, 0, 0, 0, 0, 0, 0, 0, 0, 0, 0, 0, 0.1, 0.1, 0.1, 0.1, 0.1, 0.1, 0.1, 0, 0, 0, 0,
0, 0, 0, 0, 0, 0, 0, 0, 0.1, 0.1, 1, 0.1, 1, 0.1, 0.1)
ys <- 
c(1.01254436656168, 1.32018035783298, 0.91866354073387, 1.04226403513176, 1.02110470127897, 1.01397300021402,
1.36264953823353, 1.235084962754, 0.984090338410676, 0.968413963520356, 1.0273307285574, 1.18234228402808,
0.964065134403177, 1.00008776595705, 0.958897798981729, 1.02004469487581, 1.20929376754535, 0.937296789856175,
0.992903442826366, 0.988533154737496, 1.14078467953838, 1.27737444071487, 0.950542921229746, 1.02908746060594,
0.998672107273228, 1.02201389334536, 1.22539522959588, 1.01653606753924, 0.938836466594058, 0.941396726464842,
0.955927600051614, 1.17952536721429, 0.978312547332487, 0.990444912741621, 0.965471819899533, 1.0555161739857,
1.40050866466802, 0.859298301243285, 0.970414436560254, 0.932545913328307, 1.00755435192127, 1.29337644447318,
0.916059865866498, 0.986926360953049, 0.921218982204955, 1.08249641095999, 1.29548471029906, 0.934777028674197,
0.961119499606525, 1.04975501867072, 1.05439313887512, 1.3376990313668, 0.947683736532484, 0.964492575680826,
1.05650827994796, 1.06480175829534, 1.32529115246842, 0.925783320390751, 1.03267421447719, 0.983539546625354,
1.05540338706089, 1.23787035887524, 0.90156224282237, 0.923991538440728, 0.9617278074863, 1.10539537377191,
1.36045688789876, 0.942594400431568, 0.993829672407859, 0.964602321269519, 1.06659435380387, 1.27673611291972,
0.964431323599818, 0.946557984897159, 0.958701979252977, 1.02792148787968, 1.19970812528529, 0.928121179333796,
0.974564247671401, 0.979856917441733, 5.79239666101513, 1.98224056385961, 2.08596151094934, 1.74377838160975,
4.75676924883848, 8.98367934972535, 3.19710263182395, 1.85174963111668, 2.03218227825072, 3.90050103378652,
1.06183224046364, 1.19939655554761, 0.901567868223142, 0.993507792641284, 1.00056055361305, 1.02814028790393,
1.20646558419218, 0.984849880739908, 0.962846740705722, 0.963379283162847, 1.11516791066108, 0.929971381866476,
1.1937369927498, 1.07134293348252, 1.21986719179821, 0.963838150706065, 0.913922582974896, 1.14775238364609,
0.969512562148782, 0.913520463432476, 1.0054726279498, 0.879850734877976, 1.10844750560635, 0.917260882811131,
1.02345872297593, 0.962797288501745, 0.930333895842081, 1.16247257942263, 1.04977597884055, 1.00630186701863,
1.049188829165, 0.911102036842078, 1.16727761770083, 1.01016135490304, 0.968569813526336, 0.98465538910935,
0.914155032071484, 1.0197519064925, 1.01559724244585, 0.872609431613471, 0.984626476525352, 0.923902441762517,
0.959187977070669, 1.04445624437005, 0.811594455476823, 1.18151895189236, 0.914670769146538, 1.11133863941494,
1.00085772104824, 0.92805539781718, 1.19814773712276, 0.922429828737432, 1.12523288139517, 1.04968745528174,
0.971453551428011, 1.12829433614668, 0.962879560643784, 1.08745869160518, 0.966442937713596, 1.07416951551124,
0.920105129682439, 0.977524148813158, 1.00836065091351, 0.99540075792483, 0.857260403200688, 1.01196074609505,
0.982797844003514, 0.945102635837095, 0.928081624040613, 0.975485970112549, 1.20163974793125, 1.1143345408484,
0.976068516034948, 1.02063826952145, 1.11913661254519, 1.03016418583309, 1.00611551315892, 1.04814796739785,
1.06861825173303, 1.03218808419941, 0.962062443203228, 0.973922209682254, 0.866092128969447, 1.01194910228486,
0.963031391382225, 1.00489230630771, 0.869497722465699, 5.09111593173062, 1.76558682104994, 1.97486564945784,
5.39773651018414, 1.78426503184803, 2.17483211388557, 2.566904245058, 1.10668941835557, 0.932857448093028,
1.07176206474748, 0.910015774925634, 1.09492892874653, 0.921356660697576, 1.03206194153796, 0.988422717558501,
1.06167917255671, 1.17167296041894, 0.994329282576285, 1.02628986679024, 5.63266438532651, 5.39420574059165,
2.43498901574706, 1.11853528570558, 2.32631753805271, 1.22344919371839, 2.43690162271982)
cell <- 
c(1, 1, 1, 1, 1, 1, 1, 1, 1, 1, 1, 1, 1, 1, 1, 1, 1, 1, 1, 1, 1, 1, 1, 1, 1, 1, 1, 1, 1, 1, 1, 1, 1, 1, 1, 1, 1,
1, 1, 1, 1, 1, 1, 1, 1, 1, 1, 1, 1, 1, 1, 1, 1, 1, 1, 1, 1, 1, 1, 1, 1, 1, 1, 1, 1, 1, 1, 1, 1, 1, 1, 1, 1, 1, 1, 1, 1,
1, 1, 1, 1, 1, 1, 1, 1, 1, 1, 1, 1, 1, 1, 1, 1, 1, 1, 1, 1, 1, 1, 1, 1, 1, 1, 1, 1, 1, 1, 1, 1, 1, 1, 1, 1, 1, 1, 1, 1,
1, 1, 1, 1, 1, 1, 1, 1, 1, 1, 1, 1, 1, 1, 1, 1, 1, 1, 1, 1, 1, 1, 1, 1, 1, 1, 1, 1, 1, 1, 1, 1, 1, 1, 1, 1, 1, 1, 1, 1,
1, 1, 1, 1, 1, 1, 1, 1, 1, 1, 1, 1, 1, 1, 1, 1, 1, 1, 1, 1, 1, 1, 1, 1, 1, 1, 1, 1, 1, 1, 1, 1, 1, 1, 1, 1, 1, 1, 1, 1,
1, 1, 1, 1, 1, 1)
quants <- 
c(0.01, 0.025, 0.05, 0.1, 0.25, 0.5, 0.75, 0.9, 0.95, 0.975, 0.99)
Nquants <- 11
